RECLUTAMIENTO DE ANCHOVETA CENTROSUR V a X Regiones 2012
Abate Molina (enero 2012)
Prof.,  Temp.,  Salin.,  Oxig.,  cloa., Dens. , XX 
---------------------------------------------------
    1 , 16.34  , 33.899 , 5.609  , 1.218   , 24.823  ,   0.0000
    2 , 16.344 , 33.9   , 5.613  , 1.196   , 24.824  ,   0.0000
    4 , 16.26  , 33.922 , 5.629  , 1.36    , 24.859  ,   0.0000
    5 , 16.27  , 33.921 , 5.604  , 1.323   , 24.856  ,   0.0000
    6 , 16.295 , 33.917 , 5.628  , 1.432   , 24.848  ,   0.0000
    8 , 16.269 , 33.934 , 5.613  , 1.347   , 24.873  ,   0.0000
   10 , 16.027 , 34.002 , 5.64   , 1.491   , 24.966  ,   0.0000
   11 , 15.974 , 34.021 , 5.636  , 1.458   , 24.992  ,   0.0000
